place(-37.146, 1.965, -5.965, "Shotgunner", 450)
place(-24.268, 1.696, -5.489, "Shotgunner", 450)
upgrade(-37.146, 3.315, -5.965, 225)
upgrade(-24.268, 3.046, -5.489, 225)
upgrade(-37.146, 3.315, -5.965, 1425)
upgrade(-24.268, 3.046, -5.489, 1425)
place(-27.925, 2.044, -2.390, "Electroshocker", 1088)
upgrade(-27.925, 3.394, -2.390, 450)
upgrade(-27.925, 3.394, -2.390, 900)
place(-31.425, 1.546, -9.871, "Commander", 1275)
place(-26.453, 1.782, -5.404, "Shotgunner", 450)
upgrade(-26.453, 3.132, -5.404, 225)
upgrade(-26.453, 3.132, -5.404, 1425)
place(-28.437, 1.847, -5.119, "Shotgunner", 450)
upgrade(-28.437, 3.197, -5.119, 225)
upgrade(-28.437, 3.197, -5.119, 1425)
place(-30.457, 1.917, -4.773, "Shotgunner", 450)
upgrade(-30.457, 3.267, -4.773, 225)
upgrade(-30.457, 3.267, -4.773, 1425)
place(-30.941, 2.128, -2.169, "Freezer", 638)
upgrade(-30.941, 3.478, -2.169, 338)
upgrade(-30.941, 3.478, -2.169, 975)
place(-32.528, 1.975, -4.591, "Shotgunner", 450)
upgrade(-32.528, 3.325, -4.591, 225)
upgrade(-32.528, 3.325, -4.591, 1425)
place(-33.996, 1.638, -9.386, "Shotgunner", 450)
upgrade(-33.996, 2.988, -9.386, 225)
upgrade(-33.996, 2.988, -9.386, 1425)
upgrade(-31.425, 3.446, -9.871, 450)
upgrade(-31.425, 3.446, -9.871, 3750)